2.7393109393171864
2.7366124487243937
2.728510082917408
2.7149831474379305
2.6959971144494554
2.671503582240665
2.6414402507395325
2.6057309501558605
2.5642857781284194
2.5170014261293505
2.4637618115153894
2.404439182093282
2.338895931748806
2.2669874674619144
2.188566612251904
2.103490231734628
2.011629055216867
1.912882050194829
1.8071972243313383
1.694601376592029
1.5752420495795878
1.4494455623876332
1.317795044526205
1.1812307874855388
1.0411699725957129
0.8996307973444899
0.7593240598542716
0.623644784496225
0.4964732487081527
0.3817170619304968
0.28263489176246104
0.20115341159502398
0.137483358316854
0.09022084109144313
0.05685362172755859
0.03440938956290651
0.02000199566597205
0.011165311031354985
0.005982918496389988
0.003075958511143728